
> ft <- fineTuning(fd,pars=list(gamma=seq(0.5,50,0.5),cost=c(1,5,20)),regCall=pdCall,nTst=150,nXval=10)
0.5  1    0.4613333
1  1    0.528
1.5  1    0.5566667
2  1    0.5473333
2.5  1    0.57
3  1    0.598
3.5  1    0.6033333
4  1    0.5826667
4.5  1    0.6286667
5  1    0.6013333
5.5  1    0.6186667
6  1    0.6233333
6.5  1    0.638
7  1    0.626
7.5  1    0.638
8  1    0.6346667
8.5  1    0.6373333
9  1    0.6166667
9.5  1    0.6473333
10  1    0.6546667
10.5  1    0.6293333
11  1    0.6686667
11.5  1    0.6466667
12  1    0.658
12.5  1    0.6546667
13  1    0.6586667
13.5  1    0.6306667
14  1    0.6513333
14.5  1    0.6573333
15  1    0.6446667
15.5  1    0.676
16  1    0.6666667
16.5  1    0.6833333
17  1    0.6513333
17.5  1    0.6626667
18  1    0.656
18.5  1    0.66
19  1    0.6693333
19.5  1    0.6873333
20  1    0.6706667
20.5  1    0.6793333
21  1    0.6546667
21.5  1    0.6573333
22  1    0.6586667
22.5  1    0.6846667
23  1    0.6853333
23.5  1    0.6646667
24  1    0.6613333
24.5  1    0.6766667
25  1    0.6793333
25.5  1    0.676
26  1    0.688
26.5  1    0.6566667
27  1    0.67
27.5  1    0.674
28  1    0.6753333
28.5  1    0.6753333
29  1    0.6926667
29.5  1    0.6886667
30  1    0.6653333
30.5  1    0.7053333
31  1    0.6886667
31.5  1    0.6893333
32  1    0.6613333
32.5  1    0.6866667
33  1    0.6706667
33.5  1    0.6873333
34  1    0.6866667
34.5  1    0.6793333
35  1    0.676
35.5  1    0.6893333
36  1    0.688
36.5  1    0.6826667
37  1    0.6753333
37.5  1    0.6926667
38  1    0.678
38.5  1    0.672
39  1    0.6866667
39.5  1    0.6746667
40  1    0.6886667
40.5  1    0.6913333
41  1    0.7046667
41.5  1    0.6886667
42  1    0.6806667
42.5  1    0.7093333
43  1    0.6873333
43.5  1    0.676
44  1    0.692
44.5  1    0.6873333
45  1    0.6693333
45.5  1    0.6906667
46  1    0.6753333
46.5  1    0.686
47  1    0.696
47.5  1    0.6673333
48  1    0.6726667
48.5  1    0.6833333
49  1    0.6693333
49.5  1    0.6773333
50  1    0.6866667
0.5  5    0.51
1  5    0.5566667
1.5  5    0.5773333
2  5    0.592
2.5  5    0.626
3  5    0.6166667
3.5  5    0.6526667
4  5    0.6653333
4.5  5    0.636
5  5    0.6566667
5.5  5    0.6373333
6  5    0.6493333
6.5  5    0.6573333
7  5    0.666
7.5  5    0.6613333
8  5    0.6673333
8.5  5    0.6686667
9  5    0.6793333
9.5  5    0.6933333
10  5    0.6526667
10.5  5    0.6653333
11  5    0.6546667
11.5  5    0.6953333
12  5    0.6866667
12.5  5    0.6873333
13  5    0.69
13.5  5    0.662
14  5    0.676
14.5  5    0.678
15  5    0.6693333
15.5  5    0.692
16  5    0.6873333
16.5  5    0.686
17  5    0.716
17.5  5    0.6833333
18  5    0.6953333
18.5  5    0.6693333
19  5    0.6773333
19.5  5    0.6866667
20  5    0.6953333
20.5  5    0.7033333
21  5    0.6833333
21.5  5    0.6833333
22  5    0.7066667
22.5  5    0.6706667
23  5    0.69
23.5  5    0.686
24  5    0.6906667
24.5  5    0.702
25  5    0.6906667
25.5  5    0.706
26  5    0.6886667
26.5  5    0.7073333
27  5    0.6873333
27.5  5    0.69
28  5    0.696
28.5  5    0.6933333
29  5    0.7053333
29.5  5    0.6953333
30  5    0.6806667
30.5  5    0.6973333
31  5    0.6886667
31.5  5    0.692
32  5    0.7013333
32.5  5    0.6886667
33  5    0.7
33.5  5    0.6946667
34  5    0.7066667
34.5  5    0.678
35  5    0.6906667
35.5  5    0.6946667
36  5    0.6893333
36.5  5    0.6946667
37  5    0.6886667
37.5  5    0.6986667
38  5    0.7033333
38.5  5    0.678
39  5    0.7006667
39.5  5    0.6986667
40  5    0.6846667
40.5  5    0.6886667
41  5    0.71
41.5  5    0.674
42  5    0.7013333
42.5  5    0.6913333
43  5    0.6973333
43.5  5    0.696
44  5    0.702
44.5  5    0.7066667
45  5    0.7066667
45.5  5    0.692
6  5    0.7
46.5  5    0.6966667
47  5    0.7013333
47.5  5    0.6926667
48  5    0.7013333
48.5  5    0.7073333
49  5    0.708
49.5  5    0.69
50  5    0.702
0.5  20    0.5573333
1  20    0.5826667
1.5  20    0.6233333
2  20    0.6466667
2.5  20    0.6413333
3  20    0.6433333
3.5  20    0.662
4  20    0.68
4.5  20    0.664
5  20    0.6526667
5.5  20    0.6686667
6  20    0.6866667
6.5  20    0.6746667
7  20    0.682
7.5  20    0.686
8  20    0.674
8.5  20    0.6986667
9  20    0.684
9.5  20    0.692
10  20    0.698
10.5  20    0.6946667
11  20    0.6826667
11.5  20    0.69
12  20    0.698
12.5  20    0.694
13  20    0.7106667
13.5  20    0.7086667
14  20    0.6973333
14.5  20    0.6746667
15  20    0.6846667
15.5  20    0.6953333
16  20    0.7153333
16.5  20    0.68
17  20    0.68
17.5  20    0.678
18  20    0.6713333
18.5  20    0.6946667
19  20    0.676
19.5  20    0.6913333
20  20    0.662
20.5  20    0.6946667
21  20    0.6913333
21.5  20    0.6846667
22  20    0.7093333
22.5  20    0.6966667
23  20    0.686
23.5  20    0.7026667
24  20    0.7046667
24.5  20    0.6686667
25  20    0.6986667
25.5  20    0.6893333
26  20    0.67
26.5  20    0.6726667
27  20    0.6746667
27.5  20    0.698
28  20    0.6886667
28.5  20    0.7033333
29  20    0.6946667
29.5  20    0.6846667
30  20    0.684
30.5  20    0.6966667
31  20    0.7113333
31.5  20    0.718
32  20    0.71
32.5  20    0.71
33  20    0.6993333
33.5  20    0.698
34  20    0.6986667
34.5  20    0.7266667
35  20    0.6846667
35.5  20    0.682
36  20    0.6946667
36.5  20    0.688
37  20    0.6993333
37.5  20    0.6906667
38  20    0.6893333
38.5  20    0.68
39  20    0.6946667
39.5  20    0.6846667
40  20    0.6533333
40.5  20    0.668
41  20    0.702
41.5  20    0.6953333
42  20    0.6773333
42.5  20    0.7013333
43  20    0.668
43.5  20    0.6946667
44  20    0.7046667
44.5  20    0.7066667
45  20    0.7153333
45.5  20    0.6866667
46  20    0.6913333
46.5  20    0.6806667
47  20    0.7113333
47.5  20    0.688
48  20    0.704
48.5  20    0.6773333
49  20    0.7013333
49.5  20    0.6993333
50  20    0.6853333

